# This is the input for the sudoku solver!
# Please enter your sudoku puzzle below.

-------------------------------
| 1, 2, 3 | 1, 2, 3 | 1, 2, 3 |
| 4, 5, 6 | 4, 5, 6 | 4, 5, 6 |
| 7, 8, 9 | 7, 8, 9 | 7, 8, 9 |
-------------------------------
| 1, 2, 3 | 1, 2, 3 | 1, 2, 3 |
| 4, 5, 6 | 4, 5, 6 | 4, 5, 6 |
| 7, 8, 9 | 7, 8, 9 | 7, 8, 9 |
-------------------------------
| 1, 2, 3 | 1, 2, 3 | 1, 2, 3 |
| 4, 5, 6 | 4, 5, 6 | 4, 5, 6 |
| 7, 8, 9 | 7, 8, 9 | 7, 8, 9 |
-------------------------------

